#                 log_radius_center         sod_halo_bin_norm_gas_YSZ  sod_halo_bin_norm_gas_YSZ_errlow sod_halo_bin_norm_gas_YSZ_errhigh
                      -1.937500e+00                               nan                               nan                               nan
                      -1.812500e+00                               nan                               nan                               nan
                      -1.687500e+00                               nan                               nan                               nan
                      -1.562500e+00                               nan                               nan                               nan
                      -1.437500e+00                      8.207488e-11                      5.808625e-11                      1.159704e-10
                      -1.312500e+00                      4.454746e-11                      8.509986e-12                      2.331938e-10
                      -1.187500e+00                      3.412061e-11                      5.474532e-12                      2.126604e-10
                      -1.062500e+00                      3.684478e-11                      5.194656e-12                      2.613336e-10
                      -9.375000e-01                      6.373124e-11                      1.274861e-11                      3.185972e-10
                      -8.125000e-01                      9.363228e-11                      1.749113e-11                      5.012257e-10
                      -6.875000e-01                      1.420867e-10                      2.807278e-11                      7.191535e-10
                      -5.625000e-01                      2.037865e-10                      4.113946e-11                      1.009467e-09
                      -4.375000e-01                      3.121842e-10                      6.266032e-11                      1.555354e-09
                      -3.125000e-01                      4.651410e-10                      8.983079e-11                      2.408486e-09
                      -1.875000e-01                      7.153257e-10                      1.454504e-10                      3.517974e-09
                      -6.250000e-02                      1.051111e-09                      2.243743e-10                      4.924066e-09
                       6.250000e-02                      1.480686e-09                      3.388133e-10                      6.470915e-09
                       1.875000e-01                      1.976586e-09                      4.856005e-10                      8.045488e-09
                       3.125000e-01                      2.413012e-09                      6.516413e-10                      8.935322e-09
                       4.375000e-01                      2.804637e-09                      8.353520e-10                      9.416376e-09
