#       log_radius_center         zmet/zsolar_gas  zmet/zsolar_gas_errlow zmet/zsolar_gas_errhigh
            -1.937500e+00                     nan                     nan                     nan
            -1.812500e+00                     nan                     nan                     nan
            -1.687500e+00                     nan                     nan                     nan
            -1.562500e+00                     nan                     nan                     nan
            -1.437500e+00                     nan                     nan                     nan
            -1.312500e+00                     nan                     nan                     nan
            -1.187500e+00                     nan                     nan                     nan
            -1.062500e+00            5.267610e-01            1.248558e-01            2.222381e+00
            -9.375000e-01            4.346390e-01            1.054639e-01            1.791239e+00
            -8.125000e-01            1.328877e-01            1.073136e-02            1.645564e+00
            -6.875000e-01            6.503375e-02            2.957716e-03            1.429951e+00
            -5.625000e-01            4.939769e-02            1.911441e-03            1.276593e+00
            -4.375000e-01            4.684042e-02            1.540333e-03            1.424384e+00
            -3.125000e-01            4.291145e-02            1.149586e-03            1.601787e+00
            -1.875000e-01            4.674494e-02            1.070669e-03            2.040862e+00
            -6.250000e-02            4.849604e-02            1.063782e-03            2.210854e+00
             6.250000e-02            5.738283e-02            1.392893e-03            2.363994e+00
             1.875000e-01            5.699632e-02            1.301761e-03            2.495527e+00
             3.125000e-01            6.456915e-02            1.916192e-03            2.175761e+00
             4.375000e-01            6.760286e-02            2.443314e-03            1.870471e+00
