#            log_radius_center         rho_gas/rho_crit_gas  rho_gas/rho_crit_gas_errlow rho_gas/rho_crit_gas_errhigh
                 -1.937500e+00                          nan                          nan                          nan
                 -1.812500e+00                          nan                          nan                          nan
                 -1.687500e+00                          nan                          nan                          nan
                 -1.562500e+00                          nan                          nan                          nan
                 -1.437500e+00                 4.694030e+02                 3.292369e+02                 6.692422e+02
                 -1.312500e+00                 3.448879e+02                 1.979361e+02                 6.009398e+02
                 -1.187500e+00                 3.179033e+02                 1.496866e+02                 6.751609e+02
                 -1.062500e+00                 2.011239e+02                 9.137378e+01                 4.426963e+02
                 -9.375000e-01                 1.435143e+02                 6.900579e+01                 2.984729e+02
                 -8.125000e-01                 9.619830e+01                 4.669787e+01                 1.981699e+02
                 -6.875000e-01                 6.519927e+01                 3.171568e+01                 1.340329e+02
                 -5.625000e-01                 4.362909e+01                 1.931315e+01                 9.855967e+01
                 -4.375000e-01                 3.140793e+01                 1.373527e+01                 7.181936e+01
                 -3.125000e-01                 2.239190e+01                 9.614132e+00                 5.215208e+01
                 -1.875000e-01                 1.605446e+01                 7.079670e+00                 3.640648e+01
                 -6.250000e-02                 1.146707e+01                 5.464202e+00                 2.406458e+01
                  6.250000e-02                 7.728140e+00                 3.908274e+00                 1.528146e+01
                  1.875000e-01                 5.041582e+00                 2.642780e+00                 9.617729e+00
                  3.125000e-01                 3.038653e+00                 1.724585e+00                 5.353989e+00
                  4.375000e-01                 1.746607e+00                 1.066537e+00                 2.860317e+00
