#       log_radius_center         zmet/zsolar_gas  zmet/zsolar_gas_errlow zmet/zsolar_gas_errhigh
            -1.937500e+00                     nan                     nan                     nan
            -1.812500e+00                     nan                     nan                     nan
            -1.687500e+00                     nan                     nan                     nan
            -1.562500e+00                     nan                     nan                     nan
            -1.437500e+00            6.099056e-01            1.481648e-01            2.510615e+00
            -1.312500e+00            5.197220e-01            1.244886e-01            2.169765e+00
            -1.187500e+00            5.015968e-01            1.370371e-01            1.835994e+00
            -1.062500e+00            4.228222e-01            1.034819e-01            1.727632e+00
            -9.375000e-01            3.962131e-01            1.069956e-01            1.467209e+00
            -8.125000e-01            4.018781e-01            1.213745e-01            1.330642e+00
            -6.875000e-01            3.880701e-01            1.368150e-01            1.100745e+00
            -5.625000e-01            3.467049e-01            1.151709e-01            1.043704e+00
            -4.375000e-01            3.522786e-01            1.386397e-01            8.951275e-01
            -3.125000e-01            3.542824e-01            1.553781e-01            8.078104e-01
            -1.875000e-01            3.328555e-01            1.633995e-01            6.780486e-01
            -6.250000e-02            3.195398e-01            1.667759e-01            6.122329e-01
             6.250000e-02            2.849461e-01            1.617764e-01            5.018920e-01
             1.875000e-01            2.515297e-01            1.548336e-01            4.086142e-01
             3.125000e-01            2.169554e-01            1.404971e-01            3.350223e-01
             4.375000e-01            1.773300e-01            1.148229e-01            2.738646e-01
