#      log_radius_center                     ne              ne_errlow             ne_errhigh     Ghirardini2019_ALL      Ghirardini2019_CC     Ghirardini2019_NCC McDonald2013_NCC_z0.06  McDonald2013_CC_z0.06       McDonald2017_avg    McDonald2017_median
           -1.937500e+00                    nan                    nan                    nan           2.280915e-02           3.381753e-02           1.393032e-02           5.923391e-03           3.938137e-02           1.619901e-02           1.065434e-02
           -1.812500e+00                    nan                    nan                    nan           1.967715e-02           2.900304e-02           1.244862e-02           5.467411e-03           3.199969e-02           1.332654e-02           8.773350e-03
           -1.687500e+00                    nan                    nan                    nan           1.670807e-02           2.435737e-02           1.100229e-02           5.046507e-03           2.600168e-02           1.096108e-02           7.504377e-03
           -1.562500e+00                    nan                    nan                    nan           1.387589e-02           1.990682e-02           9.599328e-03           4.658002e-03           2.112794e-02           9.005565e-03           6.703026e-03
           -1.437500e+00           1.498420e-03           8.055673e-04           2.787180e-03           1.128984e-02           1.570458e-02           8.230191e-03           4.299429e-03           1.716775e-02           7.369285e-03           5.941252e-03
           -1.312500e+00           1.024914e-03           5.686101e-04           1.847397e-03           8.909541e-03           1.189288e-02           6.876086e-03           3.968462e-03           1.394985e-02           6.030312e-03           4.886673e-03
           -1.187500e+00           9.898403e-04           4.539371e-04           2.158413e-03           6.817569e-03           8.674039e-03           5.570823e-03           3.263246e-03           9.643238e-03           4.791400e-03           4.019284e-03
           -1.062500e+00           7.992951e-04           3.624157e-04           1.762817e-03           5.065604e-03           6.150647e-03           4.381489e-03           2.645105e-03           6.533632e-03           3.780629e-03           3.282269e-03
           -9.375000e-01           6.114353e-04           2.718831e-04           1.375051e-03           3.713060e-03           4.242759e-03           3.351655e-03           2.116494e-03           4.298712e-03           2.899190e-03           2.586129e-03
           -8.125000e-01           4.334859e-04           1.966979e-04           9.553230e-04           2.641976e-03           2.873342e-03           2.496586e-03           1.690674e-03           2.817489e-03           2.117813e-03           2.037634e-03
           -6.875000e-01           3.215289e-04           1.412734e-04           7.317785e-04           1.848575e-03           1.922864e-03           1.815662e-03           1.231801e-03           1.723535e-03           1.514137e-03           1.515811e-03
           -5.625000e-01           2.301282e-04           8.969575e-05           5.904293e-04           1.263292e-03           1.283602e-03           1.293418e-03           8.862946e-04           1.044471e-03           1.052733e-03           1.056172e-03
           -4.375000e-01           1.780022e-04           6.488461e-05           4.883252e-04           8.476072e-04           8.324616e-04           8.747762e-04           5.978977e-04           6.316153e-04           6.984989e-04           7.236188e-04
           -3.125000e-01           1.445978e-04           4.570092e-05           4.575078e-04           5.460668e-04           5.331337e-04           5.734726e-04           3.996622e-04           3.818371e-04           4.323771e-04           4.411214e-04
           -1.875000e-01           1.149112e-04           3.402232e-05           3.881150e-04           3.333370e-04           3.259862e-04           3.464528e-04           2.568280e-04           2.422407e-04           2.533267e-04           2.601992e-04
           -6.250000e-02           9.814207e-05           2.444352e-05           3.940458e-04           1.888690e-04           1.859207e-04           1.925421e-04           1.640781e-04           1.547837e-04           1.433760e-04           1.405557e-04
            6.250000e-02           7.663861e-05           1.697429e-05           3.460220e-04           9.937510e-05           9.478524e-05           1.018751e-04                    nan                    nan           7.216581e-05           7.150258e-05
            1.875000e-01           7.134799e-05           1.154644e-05           4.408749e-04           4.871906e-05           4.221175e-05           5.176196e-05                    nan                    nan                    nan                    nan
            3.125000e-01           5.069561e-05           6.822447e-06           3.767043e-04                    nan                    nan                    nan                    nan                    nan                    nan                    nan
            4.375000e-01           3.409344e-05           3.759937e-06           3.091441e-04                    nan                    nan                    nan                    nan                    nan                    nan                    nan
