#            log_radius_center         rho_gas/rho_crit_gas  rho_gas/rho_crit_gas_errlow rho_gas/rho_crit_gas_errhigh
                 -1.937500e+00                          nan                          nan                          nan
                 -1.812500e+00                          nan                          nan                          nan
                 -1.687500e+00                          nan                          nan                          nan
                 -1.562500e+00                          nan                          nan                          nan
                 -1.437500e+00                          nan                          nan                          nan
                 -1.312500e+00                          nan                          nan                          nan
                 -1.187500e+00                          nan                          nan                          nan
                 -1.062500e+00                 8.560475e+02                 2.938464e+02                 2.493879e+03
                 -9.375000e-01                 1.560792e+03                 4.307433e+02                 5.655510e+03
                 -8.125000e-01                 1.107035e+03                 3.855349e+02                 3.178767e+03
                 -6.875000e-01                 4.294000e+02                 1.561044e+02                 1.181161e+03
                 -5.625000e-01                 1.769291e+02                 6.657204e+01                 4.702260e+02
                 -4.375000e-01                 7.624744e+01                 3.046319e+01                 1.908425e+02
                 -3.125000e-01                 3.360789e+01                 1.417870e+01                 7.966104e+01
                 -1.875000e-01                 1.625193e+01                 6.851383e+00                 3.855063e+01
                 -6.250000e-02                 8.641108e+00                 3.727483e+00                 2.003195e+01
                  6.250000e-02                 5.011480e+00                 2.198597e+00                 1.142316e+01
                  1.875000e-01                 2.962419e+00                 1.353273e+00                 6.484968e+00
                  3.125000e-01                 1.779268e+00                 8.698414e-01                 3.639506e+00
                  4.375000e-01                 1.075895e+00                 5.498907e-01                 2.105053e+00
