#                 log_radius_center         sod_halo_bin_norm_gas_YSZ  sod_halo_bin_norm_gas_YSZ_errlow sod_halo_bin_norm_gas_YSZ_errhigh
                      -1.937500e+00                               nan                               nan                               nan
                      -1.812500e+00                               nan                               nan                               nan
                      -1.687500e+00                               nan                               nan                               nan
                      -1.562500e+00                               nan                               nan                               nan
                      -1.437500e+00                               nan                               nan                               nan
                      -1.312500e+00                               nan                               nan                               nan
                      -1.187500e+00                               nan                               nan                               nan
                      -1.062500e+00                      2.256074e-12                      1.556352e-13                      3.270383e-11
                      -9.375000e-01                      4.722324e-13                      2.233944e-14                      9.982498e-12
                      -8.125000e-01                      1.643042e-13                      7.119656e-15                      3.791737e-12
                      -6.875000e-01                      5.747098e-13                      3.913599e-14                      8.439581e-12
                      -5.625000e-01                      1.634728e-12                      1.814866e-13                      1.472470e-11
                      -4.375000e-01                      3.307687e-12                      5.059592e-13                      2.162387e-11
                      -3.125000e-01                      5.319565e-12                      9.744568e-13                      2.903953e-11
                      -1.875000e-01                      7.871218e-12                      1.615915e-12                      3.834117e-11
                      -6.250000e-02                      1.150828e-11                      2.611805e-12                      5.070841e-11
                       6.250000e-02                      1.625613e-11                      3.752860e-12                      7.041612e-11
                       1.875000e-01                      2.302220e-11                      5.335055e-12                      9.934698e-11
                       3.125000e-01                      3.257814e-11                      7.157056e-12                      1.482921e-10
                       4.375000e-01                      4.469562e-11                      8.833157e-12                      2.261591e-10
